     0/499     1.64G      2.07     0.541         0      2.61        16       352     0.328      2.14      1.28     0.853
     1/499     1.64G      1.48     0.449         0      1.93        15       480     0.473      1.78      1.01     0.776
     2/499     1.64G      1.27      0.41         0      1.68        16       320     0.512      1.71      1.02      0.69
     3/499     1.64G      1.15     0.386         0      1.53        16       256      0.56      1.45     0.807     0.648
     4/499     1.64G      1.07     0.373         0      1.44        16       288     0.624      1.46     0.927     0.532
     5/499     1.64G      1.02     0.365         0      1.39        16       256     0.666      1.37     0.818      0.55
     6/499     1.64G     0.982     0.349         0      1.33        16       256     0.723      1.18     0.682     0.501
     7/499     1.64G     0.956     0.345         0       1.3        16       256     0.702      1.28     0.779     0.504
     8/499     1.64G     0.936     0.336         0      1.27        16       384     0.734      1.18     0.699     0.484
     9/499     1.64G     0.914     0.328         0      1.24        16       384     0.738      1.21     0.745      0.46
    10/499     1.64G     0.899     0.317         0      1.22        16       320     0.769      1.14     0.696     0.444
    11/499     1.64G     0.892     0.323         0      1.21        16       320     0.782       1.1     0.681     0.423
    12/499     1.64G     0.879      0.32         0       1.2        16       320     0.762      1.13     0.692     0.436
    13/499     1.64G     0.864      0.31         0      1.17        15       448      0.77      1.14     0.727     0.412
    14/499     1.64G     0.858     0.303         0      1.16        16       256     0.817      0.97     0.577     0.393
    15/499     1.64G     0.855     0.306         0      1.16        16       384     0.783      1.12     0.715     0.407
    16/499     1.64G      0.84     0.295         0      1.13        16       384     0.813      1.03     0.632     0.396
    17/499     1.64G     0.844     0.305         0      1.15        16       288     0.809      1.02     0.629      0.39
    18/499     1.64G     0.836     0.299         0      1.13        16       416     0.788      1.08     0.681       0.4
    19/499     1.64G     0.832     0.301         0      1.13        16       384     0.803      1.02     0.654      0.37
    20/499     1.64G     0.825     0.297         0      1.12        16       320     0.816     0.971     0.596     0.375
    21/499     1.64G     0.826     0.297         0      1.12        16       480     0.811      1.03     0.659     0.367
    22/499     1.64G     0.815     0.293         0      1.11        16       320      0.83     0.935     0.561     0.374
    23/499     1.64G      0.81     0.291         0       1.1        16       416     0.789      1.11     0.721     0.388
    24/499     1.64G     0.806     0.289         0      1.09        16       480     0.806      1.03     0.655     0.372
    25/499     1.64G     0.799     0.282         0      1.08        15       288     0.827     0.933     0.586     0.347
    26/499     1.64G     0.791     0.281         0      1.07        16       224     0.822     0.947     0.611     0.336
    27/499     1.64G      0.79     0.281         0      1.07        16       224     0.839     0.897     0.531     0.365
    28/499     1.64G     0.784     0.273         0      1.06        16       320      0.75      1.22     0.853     0.369
    29/499     1.64G      0.79     0.286         0      1.08        16       288     0.824     0.908     0.571     0.338
    30/499     1.64G     0.784     0.279         0      1.06        16       256      0.83     0.916     0.582     0.334
    31/499     1.64G     0.785     0.286         0      1.07        16       352      0.84      0.87     0.539     0.331
    32/499     1.64G     0.784     0.282         0      1.07        16       352     0.836     0.887     0.567      0.32
    33/499     1.64G     0.781     0.278         0      1.06        16       320     0.833     0.896     0.551     0.346
    34/499     1.64G     0.775     0.275         0      1.05        16       224     0.843     0.834     0.516     0.318
    35/499     1.64G     0.773     0.273         0      1.05        16       480     0.775      1.13     0.778     0.354
    36/499     1.64G     0.774     0.277         0      1.05        16       224     0.839     0.883     0.555     0.328
    37/499     1.64G     0.771     0.277         0      1.05        16       416     0.826     0.937     0.573     0.365
    38/499     1.64G      0.77     0.274         0      1.04        16       480     0.804      1.02     0.688     0.334
    39/499     1.64G     0.764     0.275         0      1.04        16       448     0.804     0.927     0.565     0.361
    40/499     1.64G     0.761     0.269         0      1.03        16       448     0.831     0.907      0.58     0.327
    41/499     1.64G     0.759     0.265         0      1.02        16       352     0.832     0.887      0.56     0.328
    42/499     1.64G     0.763     0.267         0      1.03        16       224     0.817     0.973     0.638     0.335
    43/499     1.64G     0.752     0.259         0      1.01        16       224     0.823     0.919     0.606     0.314
    44/499     1.64G      0.76     0.274         0      1.03        15       224     0.845     0.843     0.524     0.319
    45/499     1.64G     0.755     0.264         0      1.02        16       352     0.823     0.935     0.611     0.324
    46/499     1.64G     0.755      0.27         0      1.02        16       224     0.831     0.872     0.545     0.327
    47/499     1.64G     0.753     0.269         0      1.02        16       256     0.858     0.801     0.492      0.31
    48/499     1.64G     0.757     0.275         0      1.03        16       416     0.845      0.85     0.529     0.321
    49/499     1.64G     0.749     0.264         0      1.01        15       256     0.803      1.02     0.685     0.335
    50/499     1.64G      0.75     0.268         0      1.02        16       480     0.832     0.891     0.572     0.319
    51/499     1.64G     0.751     0.274         0      1.03        16       320     0.842     0.845     0.522     0.322
    52/499     1.64G     0.747      0.27         0      1.02        15       384     0.835     0.891      0.57     0.321
    53/499     1.64G     0.742     0.261         0         1        16       384     0.825     0.917     0.603     0.314
    54/499     1.64G     0.746     0.269         0      1.01        16       320     0.848     0.833     0.516     0.318
    55/499     1.64G     0.746     0.268         0      1.01        16       352     0.831     0.893     0.576     0.318
    56/499     1.64G     0.738     0.265         0         1        16       448     0.789      1.08     0.731      0.35
    57/499     1.64G     0.738      0.26         0     0.998        16       256     0.856     0.794     0.488     0.306
    58/499     1.64G     0.735     0.258         0     0.993        16       448     0.823     0.963     0.607     0.357
    59/499     1.64G      0.74     0.268         0      1.01        16       256      0.86     0.759     0.469     0.289
    60/499     1.64G     0.736     0.261         0     0.997        16       416     0.845     0.857     0.541     0.317
    61/499     1.64G     0.732     0.258         0     0.989        16       384     0.803     0.992     0.691     0.301
    62/499     1.64G     0.733      0.26         0     0.993        16       384     0.837     0.884     0.568     0.316
    63/499     1.64G     0.728     0.256         0     0.984        16       416     0.802      1.03     0.698     0.328
    64/499     1.64G     0.731     0.264         0     0.995        16       224      0.86     0.792     0.484     0.307
    65/499     1.64G      0.73     0.265         0     0.996        16       416     0.862     0.752     0.477     0.275
    66/499     1.64G     0.731     0.264         0     0.995        15       448     0.852     0.791     0.498     0.293
    67/499     1.64G      0.73     0.263         0     0.993        16       384     0.823     0.946     0.639     0.307
    68/499     1.64G     0.725     0.256         0     0.982        16       352     0.839     0.841     0.535     0.306
    69/499     1.64G     0.725     0.255         0      0.98        16       352      0.85     0.804     0.499     0.305
    70/499     1.64G     0.723     0.258         0     0.981        16       384     0.845     0.837     0.539     0.298
    71/499     1.64G     0.729     0.263         0     0.992        16       288     0.842     0.828     0.543     0.286
    72/499     1.64G     0.727     0.268         0     0.995        16       384     0.781      1.09     0.752     0.342
    73/499     1.64G     0.726     0.259         0     0.985        16       320     0.862     0.775     0.482     0.293
    74/499     1.64G      0.72     0.255         0     0.976        16       224     0.811     0.992     0.673     0.319
    75/499     1.64G     0.721     0.255         0     0.976        16       384      0.84     0.869     0.565     0.304
    76/499     1.64G      0.72      0.26         0      0.98        15       256     0.838     0.872     0.575     0.297
    77/499     1.64G     0.718     0.258         0     0.977        16       448     0.819     0.961     0.652      0.31
    78/499     1.64G     0.722     0.261         0     0.983        16       352     0.852      0.79      0.52      0.27
    79/499     1.64G     0.716     0.254         0      0.97        16       416     0.835     0.874     0.569     0.305
    80/499     1.64G     0.721     0.261         0     0.982        16       320     0.845     0.843     0.534     0.309
    81/499     1.64G      0.72     0.257         0     0.977        16       256     0.863     0.756     0.467     0.288
    82/499     1.64G     0.715     0.261         0     0.976        15       352      0.85     0.839     0.518     0.322
    83/499     1.64G     0.718     0.259         0     0.977        16       256     0.851     0.806     0.497     0.308
    84/499     1.64G     0.722     0.263         0     0.984        16       320     0.845     0.854     0.534      0.32
    85/499     1.64G     0.715     0.256         0     0.971        16       448     0.802      1.03     0.697     0.337
    86/499     1.64G      0.71     0.253         0     0.963        16       416     0.864     0.787     0.486     0.301
    87/499     1.64G     0.713     0.255         0     0.967        16       224     0.859     0.793     0.481     0.313
    88/499     1.64G     0.709     0.251         0     0.961        16       224     0.854     0.793     0.475     0.318
    89/499     1.64G      0.71     0.254         0     0.964        15       320     0.834     0.893     0.588     0.305
    90/499     1.64G      0.71     0.255         0     0.965        15       224     0.846     0.836     0.523     0.313
    91/499     1.64G     0.708     0.252         0      0.96        15       448     0.824     0.935     0.618     0.317
    92/499     1.64G     0.712     0.258         0      0.97        15       320     0.863     0.777     0.481     0.295
    93/499     1.64G      0.71     0.253         0     0.963        16       288     0.836     0.862     0.579     0.284
    94/499     1.64G     0.709     0.256         0     0.964        15       448     0.848     0.843     0.532     0.311
    95/499     1.64G     0.712     0.259         0     0.971        16       448      0.85     0.824     0.511     0.312
    96/499     1.64G     0.706     0.255         0     0.961        16       224      0.86     0.794     0.486     0.308
    97/499     1.64G     0.713      0.26         0     0.973        16       448     0.817     0.951     0.624     0.326
    98/499     1.64G     0.705     0.249         0     0.955        16       480     0.871     0.729     0.441     0.288
    99/499     1.64G     0.703      0.25         0     0.954        16       256     0.847     0.842     0.517     0.324
   100/499     1.64G     0.707     0.256         0     0.962        16       352     0.855     0.779     0.486     0.294
   101/499     1.64G     0.711     0.258         0     0.969        16       224     0.837     0.863     0.563       0.3
   102/499     1.64G     0.705     0.255         0      0.96        16       288     0.838     0.878     0.571     0.308
   103/499     1.64G     0.702     0.251         0     0.953        16       320     0.841     0.831     0.546     0.285
   104/499     1.64G     0.715     0.268         0     0.983        15       256     0.861     0.764     0.479     0.285
   105/499     1.64G     0.704     0.253         0     0.957        16       224     0.858     0.768     0.462     0.306
   106/499     1.64G     0.698     0.246         0     0.944        16       480     0.806     0.993     0.687     0.306
   107/499     1.64G     0.705     0.259         0     0.963        16       224     0.852     0.803     0.511     0.292
   108/499     1.64G     0.704     0.256         0      0.96        16       288     0.861     0.782     0.471     0.311
   109/499     1.64G     0.703     0.251         0     0.954        16       256     0.846     0.847     0.548     0.299
   110/499     1.64G     0.701     0.253         0     0.954        15       352     0.843     0.844     0.552     0.292
   111/499     1.64G     0.698     0.246         0     0.943        16       352     0.839     0.868     0.565     0.304
   112/499     1.64G     0.701     0.255         0     0.956        16       288     0.854     0.789     0.512     0.277
   113/499     1.64G       0.7     0.252         0     0.952        15       416     0.849     0.839     0.532     0.308
   114/499     1.64G     0.697     0.249         0     0.946        16       224     0.866     0.727     0.441     0.286
   115/499     1.64G     0.699     0.251         0      0.95        16       480      0.86     0.769     0.479      0.29
   116/499     1.64G     0.703     0.254         0     0.957        16       448     0.853     0.802     0.507     0.294
   117/499     1.64G     0.696      0.25         0     0.946        16       384     0.865     0.753     0.471     0.282
   118/499     1.64G     0.696     0.244         0     0.939        16       416     0.849     0.807     0.527     0.281
   119/499     1.64G     0.695     0.248         0     0.943        16       416     0.851     0.796     0.505     0.291
   120/499     1.64G     0.696     0.251         0     0.948        16       352     0.812     0.968     0.645     0.323
   121/499     1.64G     0.697      0.25         0     0.947        16       320      0.87     0.738     0.449     0.289
   122/499     1.64G     0.695     0.252         0     0.947        15       384     0.844     0.842     0.537     0.305
   123/499     1.64G     0.695     0.249         0     0.944        15       384      0.84     0.856     0.555     0.301
   124/499     1.64G     0.695     0.251         0     0.946        16       288     0.875     0.707     0.429     0.278
   125/499     1.64G     0.693     0.248         0     0.941        16       256     0.861     0.765     0.486     0.278
   126/499     1.64G     0.695      0.25         0     0.944        16       320     0.858     0.791     0.507     0.284
   127/499     1.64G     0.697     0.256         0     0.953        16       352     0.865     0.771     0.469     0.302
   128/499     1.64G     0.694      0.25         0     0.945        16       288     0.861     0.761     0.483     0.278
   129/499     1.64G      0.69     0.246         0     0.936        15       384     0.803     0.994     0.696     0.298
   130/499     1.64G     0.683     0.236         0     0.919        15       480     0.863      0.78     0.471     0.309
   131/499     1.64G     0.694      0.25         0     0.944        15       224      0.86     0.758      0.48     0.278
   132/499     1.64G      0.69     0.245         0     0.935        16       384     0.847     0.807     0.517      0.29
   133/499     1.64G     0.691     0.249         0     0.941        15       256     0.868     0.762     0.463     0.299
   134/499     1.64G     0.692     0.244         0     0.936        16       256     0.877       0.7     0.421     0.279
   135/499     1.64G     0.691     0.248         0     0.939        16       352     0.847     0.815     0.533     0.283
   136/499     1.64G     0.694     0.251         0     0.945        15       256     0.874     0.724     0.443     0.281
   137/499     1.64G     0.689     0.249         0     0.938        16       224     0.867     0.738     0.463     0.276
   138/499     1.64G     0.687     0.247         0     0.934        16       320     0.859     0.766     0.492     0.274
   139/499     1.64G     0.691     0.251         0     0.942        16       224     0.847     0.825     0.512     0.313
   140/499     1.64G     0.689     0.247         0     0.936        16       320     0.859     0.774     0.473     0.301
   141/499     1.64G     0.685     0.247         0     0.932        16       224     0.847     0.833     0.537     0.296
   142/499     1.64G     0.688     0.245         0     0.933        16       224     0.854     0.817     0.514     0.303
   143/499     1.64G     0.686     0.247         0     0.934        15       288     0.861     0.765     0.487     0.278
   144/499     1.64G     0.687     0.245         0     0.932        16       256     0.857     0.779     0.498     0.281
   145/499     1.64G     0.685     0.246         0     0.931        16       288     0.849     0.806     0.523     0.283
   146/499     1.64G     0.687     0.246         0     0.934        16       384     0.845      0.83     0.543     0.287
   147/499     1.64G     0.684     0.242         0     0.925        16       256     0.858     0.785     0.492     0.293
   148/499     1.64G     0.683     0.244         0     0.927        16       384     0.837     0.875     0.573     0.303
   149/499     1.64G     0.678     0.238         0     0.916        15       352      0.86     0.767     0.483     0.284
   150/499     1.64G     0.679     0.238         0     0.917        16       288     0.849      0.81     0.531     0.279
   151/499     1.64G     0.688     0.252         0      0.94        16       416     0.862     0.765      0.48     0.285
   152/499     1.64G     0.679     0.241         0      0.92        16       352      0.85     0.824     0.522     0.302
   153/499     1.64G     0.679     0.243         0     0.922        16       320     0.859     0.771     0.492     0.279
   154/499     1.64G     0.678     0.238         0     0.916        16       352     0.855      0.78      0.51      0.27
   155/499     1.64G     0.683     0.247         0     0.931        16       352     0.871      0.72     0.449     0.271
   156/499     1.64G     0.676     0.239         0     0.915        16       256     0.829     0.891     0.599     0.292
   157/499     1.64G     0.675     0.239         0     0.914        15       480     0.828     0.902     0.609     0.293
   158/499     1.64G     0.681     0.245         0     0.926        15       224     0.856     0.798     0.509     0.289
   159/499     1.64G     0.677      0.24         0     0.917        16       352      0.86     0.771     0.491      0.28
   160/499     1.64G     0.679     0.243         0     0.922        16       352     0.872     0.728     0.453     0.275
   161/499     1.64G     0.677     0.243         0      0.92        16       480     0.832     0.888      0.59     0.298
   162/499     1.64G      0.68     0.243         0     0.923        16       288     0.805     0.989     0.693     0.296
   163/499     1.64G     0.679     0.244         0     0.923        15       480     0.818     0.942     0.645     0.297
   164/499     1.64G     0.677     0.239         0     0.916        16       352     0.826      0.91     0.614     0.296
   165/499     1.64G     0.681     0.249         0      0.93        16       384     0.862     0.754     0.482     0.272
   166/499     1.64G      0.68     0.246         0     0.925        16       256     0.857     0.784     0.491     0.293
   167/499     1.64G     0.683     0.251         0     0.933        16       256     0.863     0.747     0.476     0.271
   168/499     1.64G     0.677     0.244         0     0.922        16       480     0.823     0.914     0.622     0.292
   169/499     1.64G     0.682     0.246         0     0.928        16       480     0.814     0.971     0.662     0.309
   170/499     1.64G     0.682     0.246         0     0.928        16       352     0.873     0.731     0.453     0.278
   171/499     1.64G      0.67     0.237         0     0.908        16       320     0.863     0.769     0.494     0.275
   172/499     1.64G     0.673      0.24         0     0.912        16       352     0.838     0.854     0.569     0.285
   173/499     1.64G     0.673     0.239         0     0.913        16       288     0.858     0.768     0.489     0.279
   174/499     1.64G     0.674     0.243         0     0.918        16       416     0.863     0.748     0.484     0.263
   175/499     1.64G     0.677     0.248         0     0.926        16       480     0.829     0.881       0.6     0.281
   176/499     1.64G     0.679     0.247         0     0.926        15       416     0.836     0.859     0.568     0.291
   177/499     1.64G     0.676     0.244         0      0.92        16       416     0.848     0.826     0.538     0.287
   178/499     1.64G     0.681     0.249         0      0.93        15       416     0.847     0.822     0.544     0.277
   179/499     1.64G     0.674     0.243         0     0.917        16       352     0.856     0.786     0.501     0.285
   180/499     1.64G     0.677     0.248         0     0.925        16       384     0.858      0.78     0.512     0.269
   181/499     1.64G     0.677     0.246         0     0.923        16       256     0.871     0.715     0.445      0.27
   182/499     1.64G     0.674     0.242         0     0.916        16       256     0.877     0.705     0.424     0.281
   183/499     1.64G     0.671     0.236         0     0.908        16       480     0.844     0.854     0.569     0.285
   184/499     1.64G     0.677     0.249         0     0.926        16       352     0.875     0.714     0.443     0.271
   185/499     1.64G     0.677     0.246         0     0.923        16       416     0.865     0.753     0.489     0.263
   186/499     1.64G     0.675     0.248         0     0.923        15       352     0.815     0.953     0.653     0.299
   187/499     1.64G     0.674     0.244         0     0.918        15       480     0.847     0.818     0.543     0.275
   188/499     1.64G     0.672     0.245         0     0.917        16       288     0.862     0.779     0.502     0.277
   189/499     1.64G     0.668     0.238         0     0.905        16       416     0.824      0.92     0.633     0.287
   190/499     1.64G     0.673     0.246         0     0.919        15       384     0.861     0.759     0.488     0.271
   191/499     1.64G     0.675     0.247         0     0.922        16       256     0.871     0.734     0.461     0.274
   192/499     1.64G      0.67     0.239         0     0.909        16       256     0.838     0.867     0.584     0.283
   193/499     1.64G     0.673     0.245         0     0.918        16       320     0.864     0.762      0.48     0.282
   194/499     1.64G     0.668     0.239         0     0.906        16       384     0.861     0.749      0.49     0.259
   195/499     1.64G     0.665     0.236         0     0.901        16       448     0.846     0.821      0.53     0.291
   196/499     1.64G      0.67     0.239         0     0.909        16       288     0.862     0.758     0.491     0.267
   197/499     1.64G     0.672     0.242         0     0.915        16       480     0.848     0.813     0.538     0.275
   198/499     1.64G     0.671     0.243         0     0.914        16       384     0.835      0.86     0.584     0.276
   199/499     1.64G     0.671     0.243         0     0.914        15       416     0.875     0.723     0.447     0.275
   200/499     1.64G     0.669     0.244         0     0.913        16       448     0.827     0.903     0.617     0.286
   201/499     1.64G     0.666     0.239         0     0.905        16       320      0.87     0.738     0.462     0.277
   202/499     1.64G     0.665     0.238         0     0.903        16       352     0.853     0.804     0.526     0.278
   203/499     1.64G      0.67     0.246         0     0.916        16       448     0.855     0.794     0.511     0.284
   204/499     1.64G     0.664     0.236         0       0.9        16       224     0.864     0.757      0.48     0.277
   205/499     1.64G      0.67     0.246         0     0.916        16       256     0.875     0.703     0.439     0.264
   206/499     1.64G     0.671     0.244         0     0.915        15       256     0.854     0.812      0.51     0.302
   207/499     1.64G     0.664     0.236         0       0.9        16       288     0.864      0.76     0.483     0.277
   208/499     1.64G     0.667     0.242         0     0.909        16       416     0.855     0.788      0.52     0.268
   209/499     1.64G     0.667     0.243         0      0.91        15       224     0.869     0.736     0.445     0.291
   210/499     1.64G     0.668     0.241         0     0.909        16       320      0.87     0.744     0.465     0.279
   211/499     1.64G     0.664     0.237         0     0.901        16       448     0.836     0.858     0.581     0.277
   212/499     1.64G     0.664     0.235         0       0.9        16       224     0.869     0.736     0.453     0.283
   213/499     1.64G     0.668     0.244         0     0.912        16       320     0.872     0.722     0.443     0.279
   214/499     1.64G     0.668     0.244         0     0.911        15       256     0.859     0.783     0.499     0.284
   215/499     1.64G     0.666     0.242         0     0.908        16       288     0.872     0.705     0.443     0.262
   216/499     1.64G     0.661     0.234         0     0.895        16       288     0.876     0.715     0.437     0.278
   217/499     1.64G     0.663     0.237         0     0.901        16       384     0.833     0.883     0.598     0.286
   218/499     1.64G     0.665     0.239         0     0.904        16       384     0.869     0.736     0.464     0.271
   219/499     1.64G     0.666     0.244         0      0.91        16       448      0.86     0.769     0.499      0.27
   220/499     1.64G     0.661     0.234         0     0.894        16       384     0.864     0.754      0.48     0.274
   221/499     1.64G     0.662     0.239         0       0.9        16       320      0.86     0.766     0.496      0.27
   222/499     1.64G     0.661     0.237         0     0.898        16       416     0.865     0.768     0.468       0.3
   223/499     1.64G     0.659     0.238         0     0.897        16       320     0.848     0.823     0.533      0.29
   224/499     1.64G     0.662      0.24         0     0.903        16       320     0.855     0.794     0.516     0.279
   225/499     1.64G     0.655     0.231         0     0.886        16       224     0.872     0.727     0.466     0.262
   226/499     1.64G     0.657     0.236         0     0.893        16       224     0.855     0.798     0.518      0.28
   227/499     1.64G      0.66     0.239         0     0.899        16       480     0.864     0.764     0.481     0.284
   228/499     1.64G     0.657     0.232         0     0.889        16       480     0.825     0.902     0.615     0.287
   229/499     1.64G     0.663     0.243         0     0.906        16       448     0.856     0.774     0.511     0.263
   230/499     1.64G     0.663     0.242         0     0.904        16       224     0.854      0.79     0.523     0.268
   231/499     1.64G     0.657     0.235         0     0.892        16       320     0.876     0.695     0.436     0.259
   232/499     1.64G     0.658     0.235         0     0.893        15       256     0.871     0.719     0.451     0.268
   233/499     1.64G     0.656     0.234         0      0.89        16       224     0.848     0.798     0.536     0.262
   234/499     1.64G     0.662     0.241         0     0.904        16       448     0.875     0.683     0.439     0.244
   235/499     1.64G      0.66     0.241         0     0.901        16       256     0.883     0.666     0.416      0.25
   236/499     1.64G     0.653     0.233         0     0.887        15       480      0.86     0.763      0.49     0.273
   237/499     1.64G     0.656     0.238         0     0.894        16       224     0.878     0.682     0.426     0.256
   238/499     1.64G     0.658     0.241         0     0.899        16       320     0.862     0.754     0.488     0.265
   239/499     1.64G     0.656     0.236         0     0.892        16       224     0.861     0.745     0.486     0.258
   240/499     1.64G     0.659     0.237         0     0.896        16       288     0.876     0.712     0.435     0.277
   241/499     1.64G      0.66     0.242         0     0.902        16       224     0.866      0.75     0.484     0.266
   242/499     1.64G     0.654     0.232         0     0.886        16       320     0.854     0.788     0.519     0.269
   243/499     1.64G     0.653     0.231         0     0.884        16       320     0.872     0.715     0.448     0.267
   244/499     1.64G     0.658      0.24         0     0.898        16       224     0.884     0.678     0.406     0.272
   245/499     1.64G     0.657     0.239         0     0.896        16       416     0.875     0.717      0.45     0.267
   246/499     1.64G     0.666     0.245         0     0.911        15       288     0.857     0.782     0.515     0.266
   247/499     1.64G     0.658     0.238         0     0.897        16       288     0.866     0.727     0.463     0.264
   248/499     1.64G     0.658      0.24         0     0.897        16       448     0.873     0.719     0.463     0.257
   249/499     1.64G     0.659     0.245         0     0.904        16       256     0.872     0.735     0.453     0.281
   250/499     1.64G     0.657     0.241         0     0.898        16       352      0.85     0.801     0.535     0.266
   251/499     1.64G     0.653     0.236         0     0.889        16       256     0.862     0.765     0.488     0.277
   252/499     1.64G     0.654      0.24         0     0.894        16       320     0.836     0.866     0.584     0.283
   253/499     1.64G     0.646     0.225         0     0.871        15       256     0.869     0.731     0.477     0.254
   254/499     1.64G     0.657     0.243         0       0.9        15       448     0.791      1.05     0.749     0.303
   255/499     1.64G      0.65     0.232         0     0.881        16       224     0.856     0.777     0.515     0.262
   256/499     1.64G     0.648     0.231         0     0.879        16       448     0.867     0.731     0.479     0.252
   257/499     1.64G      0.65     0.232         0     0.882        16       320     0.874     0.706      0.44     0.266
   258/499     1.64G     0.653     0.234         0     0.887        16       352      0.86     0.759     0.493     0.266
   259/499     1.64G     0.654     0.238         0     0.893        14       384     0.817     0.946     0.651     0.295
   260/499     1.64G     0.655     0.241         0     0.897        16       480     0.841     0.846     0.573     0.274
   261/499     1.64G     0.652     0.236         0     0.888        16       224     0.873     0.701      0.45     0.251
   262/499     1.64G     0.648     0.231         0     0.879        16       224     0.862     0.746     0.488     0.258
   263/499     1.64G     0.651     0.235         0     0.886        16       416     0.851     0.799     0.531     0.268
   264/499     1.64G     0.648     0.232         0      0.88        16       352     0.868     0.734     0.474      0.26
   265/499     1.64G     0.651     0.237         0     0.888        15       256     0.877     0.704     0.436     0.268
   266/499     1.64G      0.65     0.232         0     0.882        16       224     0.876     0.701     0.436     0.265
   267/499     1.64G     0.649     0.233         0     0.882        16       416     0.865     0.748     0.474     0.274
   268/499     1.64G     0.652     0.238         0     0.891        16       224     0.843     0.836     0.569     0.267
   269/499     1.64G     0.651     0.236         0     0.887        16       256     0.879      0.69     0.414     0.276
   270/499     1.64G     0.649     0.237         0     0.886        16       288     0.864     0.759     0.487     0.272
   271/499     1.64G     0.655     0.241         0     0.896        16       480     0.826     0.908     0.623     0.285
   272/499     1.64G     0.652     0.238         0      0.89        16       448     0.854     0.779     0.524     0.255
   273/499     1.64G     0.651     0.241         0     0.892        15       288     0.877     0.685     0.426     0.259
   274/499     1.64G     0.652     0.237         0     0.889        16       480     0.877     0.697     0.434     0.263
   275/499     1.64G     0.643     0.228         0     0.871        16       288     0.864     0.752     0.476     0.276
   276/499     1.64G     0.649     0.236         0     0.885        15       384      0.86     0.775     0.505      0.27
   277/499     1.64G     0.648     0.236         0     0.884        16       384     0.877     0.679     0.427     0.252
   278/499     1.64G     0.646     0.231         0     0.877        16       448     0.822     0.916      0.64     0.276
   279/499     1.64G     0.649     0.235         0     0.884        16       416     0.826     0.911     0.625     0.286
   280/499     1.64G     0.649     0.238         0     0.887        16       416     0.811     0.959     0.679      0.28
   281/499     1.64G     0.643     0.226         0     0.869        16       448     0.826     0.909     0.627     0.282
   282/499     1.64G     0.644     0.228         0     0.872        15       384     0.862     0.749     0.489     0.259
   283/499     1.64G     0.647     0.233         0     0.879        15       448     0.859     0.761     0.497     0.264
   284/499     1.64G     0.646     0.234         0     0.879        16       224      0.86     0.752     0.493      0.26
   285/499     1.64G     0.644     0.233         0     0.878        16       384     0.876     0.694     0.446     0.248
   286/499     1.64G     0.647     0.237         0     0.885        16       352     0.882     0.684      0.43     0.254
   287/499     1.64G     0.644     0.232         0     0.876        15       480     0.867      0.73     0.476     0.253
   288/499     1.64G     0.645     0.235         0      0.88        16       288     0.868     0.726     0.471     0.255
   289/499     1.64G     0.643     0.228         0     0.871        16       480     0.853     0.785     0.523     0.261
   290/499     1.64G     0.646     0.232         0     0.877        16       448     0.876     0.703     0.441     0.262
   291/499     1.64G     0.645     0.232         0     0.877        16       416     0.869      0.72     0.459     0.262
   292/499     1.64G     0.645     0.232         0     0.877        16       480     0.835     0.865     0.592     0.272
   293/499     1.64G     0.646     0.237         0     0.883        16       416     0.851     0.807     0.537      0.27
   294/499     1.64G     0.645     0.237         0     0.882        16       416     0.864     0.738     0.483     0.255
   295/499     1.64G     0.646     0.239         0     0.885        16       352      0.88     0.693     0.433     0.261
   296/499     1.64G     0.641      0.23         0     0.871        16       352     0.859     0.751       0.5     0.251
   297/499     1.64G     0.642     0.232         0     0.875        16       288      0.86     0.749       0.5     0.249
   298/499     1.64G      0.64     0.229         0     0.869        16       288     0.872     0.704     0.449     0.256
   299/499     1.64G     0.642     0.232         0     0.874        15       256     0.877       0.7     0.436     0.265
   300/499     1.64G     0.642     0.231         0     0.873        15       224     0.853     0.797     0.529     0.267
   301/499     1.64G     0.639     0.226         0     0.865        15       320     0.882     0.667     0.421     0.246
   302/499     1.64G     0.642     0.231         0     0.872        16       384     0.857      0.78     0.513     0.267
   303/499     1.64G     0.644     0.236         0     0.879        16       288     0.865     0.743     0.478     0.264
   304/499     1.64G     0.644     0.238         0     0.882        16       352     0.878     0.691     0.429     0.262
   305/499     1.64G     0.639     0.228         0     0.867        16       224     0.876     0.699     0.438     0.261
   306/499     1.64G     0.644     0.237         0     0.881        15       416     0.855     0.778     0.517     0.261
   307/499     1.64G     0.638     0.227         0     0.865        16       384      0.83     0.898     0.621     0.277
   308/499     1.64G     0.639     0.232         0     0.871        16       480     0.835     0.857     0.579     0.278
   309/499     1.64G     0.643     0.236         0     0.879        16       256      0.86      0.74     0.479     0.261
   310/499     1.64G     0.647     0.244         0      0.89        15       320     0.878     0.689     0.437     0.252
   311/499     1.64G     0.638     0.233         0     0.871        15       416      0.82      0.92     0.637     0.282
   312/499     1.64G     0.635     0.224         0     0.859        16       288     0.844     0.837     0.559     0.278
   313/499     1.64G     0.636     0.225         0     0.862        16       224     0.871     0.712     0.462      0.25
   314/499     1.64G     0.639     0.232         0     0.871        15       416     0.855     0.789     0.529      0.26
   315/499     1.64G     0.639     0.233         0     0.872        16       320     0.847     0.813      0.55     0.263
   316/499     1.64G      0.64     0.235         0     0.875        16       224     0.855     0.785     0.519     0.266
   317/499     1.64G     0.642     0.237         0     0.878        16       384     0.807     0.987     0.697      0.29
   318/499     1.64G     0.639     0.233         0     0.873        16       288     0.849     0.795     0.536     0.259
   319/499     1.64G     0.636     0.232         0     0.868        16       320      0.85     0.809     0.542     0.267
   320/499     1.64G     0.634     0.227         0     0.861        16       384     0.865     0.735     0.483     0.252
   321/499     1.64G     0.638     0.232         0      0.87        16       352     0.877      0.69     0.443     0.247
   322/499     1.64G     0.639     0.234         0     0.873        16       416     0.868     0.719     0.467     0.252
   323/499     1.64G     0.636      0.23         0     0.866        16       480     0.821     0.924     0.645     0.279
   324/499     1.64G     0.633     0.227         0      0.86        16       352     0.815     0.941     0.666     0.275
   325/499     1.64G     0.639     0.234         0     0.873        16       256     0.876       0.7     0.441     0.259
   326/499     1.64G     0.638     0.233         0     0.871        15       320     0.869     0.708     0.448      0.26
   327/499     1.64G      0.64     0.233         0     0.873        15       224     0.879      0.68     0.431     0.249
   328/499     1.64G     0.633     0.229         0     0.862        16       352     0.869     0.727     0.468     0.258
   329/499     1.64G      0.63     0.224         0     0.854        16       288     0.838     0.848     0.586     0.262
   330/499     1.64G     0.636     0.233         0     0.869        16       320     0.864     0.748     0.495     0.253
   331/499     1.64G     0.638     0.235         0     0.873        16       256     0.867     0.736      0.48     0.256
   332/499     1.64G     0.634     0.231         0     0.866        15       352     0.877     0.684     0.437     0.247
   333/499     1.64G     0.635     0.233         0     0.868        16       224     0.865     0.739      0.48     0.259
   334/499     1.64G     0.637     0.231         0     0.868        16       320     0.877     0.693     0.442      0.25
   335/499     1.64G     0.637     0.236         0     0.873        15       224     0.874     0.695     0.446     0.249
   336/499     1.64G     0.636      0.23         0     0.867        16       320     0.863     0.741     0.496     0.245
   337/499     1.64G     0.635     0.232         0     0.867        15       448     0.801     0.994     0.718     0.276
   338/499     1.64G     0.634     0.229         0     0.863        16       224     0.864     0.746     0.484     0.262
   339/499     1.64G     0.629     0.222         0     0.851        16       352     0.828      0.89      0.62     0.271
   340/499     1.64G     0.634     0.232         0     0.867        16       320     0.878     0.679     0.436     0.243
   341/499     1.64G     0.632     0.233         0     0.865        15       256     0.876     0.694     0.437     0.257
   342/499     1.64G     0.633     0.229         0     0.862        16       352     0.867     0.735     0.482     0.252
   343/499     1.64G     0.634     0.228         0     0.861        14       288     0.866     0.735     0.483     0.252
   344/499     1.64G     0.627     0.224         0     0.851        16       320     0.863      0.74     0.491     0.249
   345/499     1.64G     0.633      0.23         0     0.864        15       224     0.877      0.68     0.433     0.247
   346/499     1.64G     0.632     0.232         0     0.864        16       384     0.877      0.67     0.426     0.244
   347/499     1.64G      0.63     0.233         0     0.863        16       320     0.862     0.744     0.493     0.251
   348/499     1.64G     0.634     0.235         0     0.869        16       352     0.862     0.752     0.503     0.249
   349/499     1.64G     0.633     0.233         0     0.866        16       256     0.874     0.702     0.445     0.258
   350/499     1.64G     0.629     0.228         0     0.857        15       256     0.879     0.673     0.426     0.247
   351/499     1.64G     0.634     0.231         0     0.865        16       320     0.873       0.7      0.45      0.25
   352/499     1.64G     0.633     0.231         0     0.864        15       256     0.865     0.738     0.483     0.255
   353/499     1.64G      0.63      0.23         0      0.86        16       448     0.867     0.724     0.466     0.257
   354/499     1.64G     0.631     0.231         0     0.863        16       448     0.818     0.921     0.649     0.271
   355/499     1.64G     0.629     0.227         0     0.856        16       320     0.876     0.705      0.45     0.255
   356/499     1.64G     0.628     0.224         0     0.851        16       480     0.871     0.723     0.468     0.255
   357/499     1.64G     0.629     0.231         0      0.86        16       320     0.878     0.682     0.436     0.246
   358/499     1.64G     0.627     0.226         0     0.852        16       384     0.863     0.739     0.492     0.247
   359/499     1.64G      0.63      0.23         0      0.86        16       352     0.872     0.706     0.457      0.25
   360/499     1.64G     0.627     0.227         0     0.854        16       448     0.842     0.832      0.57     0.262
   361/499     1.64G      0.63      0.23         0     0.861        16       320     0.866     0.741     0.483     0.257
   362/499     1.64G     0.628     0.228         0     0.856        15       448     0.822     0.925      0.65     0.274
   363/499     1.64G     0.636     0.241         0     0.878        16       320     0.844     0.833     0.565     0.268
   364/499     1.64G     0.624     0.225         0     0.848        16       480     0.835     0.859     0.592     0.267
   365/499     1.64G     0.626     0.227         0     0.853        16       416     0.873     0.708     0.451     0.257
   366/499     1.64G      0.63     0.232         0     0.862        16       288      0.84     0.849      0.58     0.269
   367/499     1.64G     0.627     0.228         0     0.855        16       288     0.864     0.742     0.484     0.258
   368/499     1.64G     0.627     0.229         0     0.856        16       256     0.886     0.657     0.408     0.249
   369/499     1.64G     0.626     0.228         0     0.853        15       384     0.846     0.809     0.551     0.258
   370/499     1.64G     0.627     0.231         0     0.859        16       384     0.861     0.765       0.5     0.265
   371/499     1.64G     0.628     0.229         0     0.857        16       320      0.86      0.76     0.503     0.257
   372/499     1.64G     0.623     0.224         0     0.847        16       416     0.818     0.923     0.647     0.275
   373/499     1.64G     0.626     0.225         0     0.851        16       288     0.882     0.659     0.411     0.248
   374/499     1.64G     0.629     0.232         0     0.861        16       416     0.805      0.98       0.7      0.28
   375/499     1.64G      0.63     0.236         0     0.865        16       288     0.872       0.7     0.454     0.246
   376/499     1.64G     0.626     0.229         0     0.856        16       288     0.881     0.664     0.419     0.245
   377/499     1.64G     0.625      0.23         0     0.855        15       320     0.865     0.726     0.475     0.251
   378/499     1.64G     0.627     0.232         0     0.859        16       480     0.873     0.704     0.455     0.249
   379/499     1.64G     0.626     0.228         0     0.854        16       352     0.851     0.791     0.537     0.254
   380/499     1.64G     0.625     0.228         0     0.853        16       352     0.843     0.835     0.567     0.268
   381/499     1.64G     0.625     0.227         0     0.852        16       352     0.863     0.742     0.489     0.253
   382/499     1.64G     0.625      0.23         0     0.855        16       352     0.861     0.748     0.498     0.251
   383/499     1.64G     0.624     0.229         0     0.853        15       480     0.844      0.82     0.562     0.258
   384/499     1.64G     0.624     0.229         0     0.853        16       224     0.844     0.823     0.562     0.261
   385/499     1.64G     0.623     0.226         0     0.849        16       256     0.878     0.673     0.427     0.246
   386/499     1.64G     0.623     0.226         0     0.849        16       288     0.877     0.674     0.435     0.239
   387/499     1.64G     0.623     0.228         0     0.851        16       288     0.882     0.675     0.426      0.25
   388/499     1.64G     0.624     0.228         0     0.852        16       288     0.869     0.735     0.478     0.257
   389/499     1.64G     0.622     0.225         0     0.847        15       448      0.82     0.932     0.653     0.278
   390/499     1.64G     0.623     0.228         0     0.852        16       224     0.877      0.68     0.437     0.243
   391/499     1.64G     0.626     0.232         0     0.858        16       224     0.872     0.703     0.453      0.25
   392/499     1.64G     0.627     0.236         0     0.863        16       384     0.878     0.679     0.434     0.245
   393/499     1.64G     0.622     0.225         0     0.847        16       352      0.85     0.793     0.536     0.257
   394/499     1.64G     0.626     0.234         0      0.86        15       480     0.869     0.722     0.474     0.248
   395/499     1.64G     0.623     0.225         0     0.848        16       224     0.871      0.71     0.458     0.252
   396/499     1.64G     0.623     0.228         0     0.851        16       320     0.873       0.7     0.459     0.241
   397/499     1.64G     0.621     0.225         0     0.846        16       256     0.856     0.773     0.518     0.254
   398/499     1.64G     0.622     0.227         0     0.848        16       288     0.835      0.86     0.593     0.267
   399/499     1.64G     0.618     0.224         0     0.842        16       384     0.883     0.665     0.424     0.241
   400/499     1.64G     0.623     0.229         0     0.852        16       448     0.872     0.703     0.456     0.247
   401/499     1.64G     0.618     0.224         0     0.842        16       288     0.881     0.668     0.425     0.243
   402/499     1.64G     0.624     0.232         0     0.856        16       288     0.868     0.722     0.476     0.246
   403/499     1.64G      0.62     0.223         0     0.842        16       352     0.857     0.765     0.511     0.253
   404/499     1.64G     0.623     0.231         0     0.855        16       288     0.884     0.648     0.412     0.236
   405/499     1.64G     0.619     0.226         0     0.845        16       352     0.868     0.719     0.477     0.243
   406/499     1.64G     0.623     0.228         0     0.851        16       320     0.855     0.782     0.524     0.258
   407/499     1.64G     0.621     0.225         0     0.846        16       352     0.821     0.917     0.651     0.266
   408/499     1.64G      0.62     0.227         0     0.847        16       384     0.878     0.678     0.432     0.246
   409/499     1.64G     0.621     0.229         0     0.851        16       480     0.831     0.877     0.609     0.269
   410/499     1.64G     0.619     0.225         0     0.844        16       256     0.869     0.715     0.464     0.251
   411/499     1.64G     0.619     0.226         0     0.845        15       256     0.874     0.704      0.46     0.244
   412/499     1.64G     0.618     0.226         0     0.843        16       320     0.859     0.755     0.502     0.253
   413/499     1.64G     0.622     0.229         0     0.852        16       224     0.867     0.727     0.479     0.248
   414/499     1.64G     0.616     0.221         0     0.838        16       320     0.849     0.809     0.546     0.263
   415/499     1.64G      0.62     0.229         0     0.849        15       448     0.844     0.819      0.56     0.259
   416/499     1.64G     0.616     0.224         0      0.84        16       224     0.881     0.669     0.426     0.243
   417/499     1.64G     0.618     0.226         0     0.844        16       480     0.859      0.76     0.501     0.258
   418/499     1.64G     0.613     0.218         0      0.83        15       320     0.873     0.716     0.461     0.255
   419/499     1.64G     0.625     0.235         0      0.86        16       256     0.876     0.682     0.437     0.245
   420/499     1.64G     0.616     0.226         0     0.841        15       320     0.846     0.813     0.558     0.255
   421/499     1.64G     0.615      0.22         0     0.835        16       480     0.826     0.896     0.626      0.27
   422/499     1.64G     0.613     0.223         0     0.835        16       448     0.872     0.706     0.455     0.251
   423/499     1.64G     0.619      0.23         0     0.849        15       288     0.887     0.643     0.401     0.242
   424/499     1.64G     0.613     0.221         0     0.834        16       352     0.872     0.704     0.454     0.249
   425/499     1.64G     0.614     0.223         0     0.836        16       352     0.848       0.8     0.545     0.255
   426/499     1.64G     0.618     0.229         0     0.847        16       352     0.871     0.709     0.458     0.251
   427/499     1.64G     0.615     0.225         0      0.84        15       352     0.873     0.701     0.457     0.244
   428/499     1.64G     0.615     0.224         0     0.839        16       448     0.857     0.757     0.502     0.254
   429/499     1.64G     0.615     0.224         0     0.839        16       480     0.873       0.7     0.451     0.249
   430/499     1.64G     0.617     0.227         0     0.844        16       256      0.87     0.711     0.465     0.246
   431/499     1.64G     0.616     0.225         0     0.842        16       416     0.857     0.765     0.514     0.251
   432/499     1.64G      0.62     0.225         0     0.845        16       448     0.837      0.85     0.589     0.261
   433/499     1.64G     0.612     0.222         0     0.834        16       320     0.866     0.735     0.484     0.251
   434/499     1.64G      0.62     0.229         0     0.849        16       416     0.852     0.797     0.536     0.261
   435/499     1.64G     0.617     0.228         0     0.845        15       224     0.889     0.642     0.398     0.244
   436/499     1.64G     0.619     0.232         0     0.852        16       384     0.867     0.728     0.473     0.255
   437/499     1.64G     0.619     0.232         0     0.851        16       320     0.877     0.675      0.43     0.245
   438/499     1.64G     0.614     0.227         0     0.841        16       224     0.883     0.657     0.412     0.246
   439/499     1.64G     0.617     0.228         0     0.844        15       480     0.853     0.781      0.53     0.251
   440/499     1.64G     0.614     0.224         0     0.838        16       256     0.883     0.651     0.414     0.237
   441/499     1.64G     0.617     0.229         0     0.845        16       320     0.864     0.746     0.492     0.254
   442/499     1.64G     0.614     0.224         0     0.839        16       288      0.83     0.877      0.61     0.267
   443/499     1.64G     0.614     0.222         0     0.836        15       320     0.867     0.731     0.482     0.248
   444/499     1.64G     0.615     0.226         0     0.841        16       320     0.866     0.735     0.485      0.25
   445/499     1.64G     0.612     0.223         0     0.835        16       224     0.868     0.725     0.479     0.246
   446/499     1.64G     0.612     0.223         0     0.836        16       288     0.885     0.659     0.417     0.242
   447/499     1.64G     0.616      0.23         0     0.845        16       448     0.847     0.826     0.562     0.264
   448/499     1.64G     0.614     0.223         0     0.837        16       256     0.876      0.69     0.444     0.246
   449/499     1.64G     0.612     0.221         0     0.833        16       256     0.862     0.751     0.495     0.255
   450/499     1.64G     0.612     0.222         0     0.834        16       448     0.878     0.674     0.432     0.242
   451/499     1.64G     0.616     0.227         0     0.842        16       288     0.871      0.71     0.464     0.245
   452/499     1.64G     0.613     0.224         0     0.838        16       256     0.887     0.633       0.4     0.233
   453/499     1.64G     0.618     0.232         0     0.849        16       352     0.847     0.807     0.549     0.259
   454/499     1.64G     0.614     0.226         0      0.84        16       448     0.847     0.809     0.552     0.258
   455/499     1.64G      0.61     0.218         0     0.828        16       256     0.874     0.688     0.445     0.244
   456/499     1.64G     0.614     0.227         0     0.842        16       384     0.875     0.688     0.444     0.244
   457/499     1.64G     0.612     0.225         0     0.837        16       384     0.865     0.737     0.484     0.253
   458/499     1.64G     0.614     0.227         0     0.841        15       256     0.851     0.793     0.537     0.256
   459/499     1.64G     0.615      0.23         0     0.845        15       320     0.875     0.689     0.443     0.246
   460/499     1.64G     0.619     0.232         0     0.851        16       288     0.839     0.851     0.585     0.266
   461/499     1.64G     0.613     0.222         0     0.835        16       480     0.878      0.68     0.438     0.243
   462/499     1.64G     0.615     0.225         0     0.841        16       480     0.879     0.674     0.428     0.246
   463/499     1.64G     0.615     0.227         0     0.842        15       288     0.847     0.802     0.548     0.254
   464/499     1.64G     0.614     0.226         0      0.84        15       288     0.876     0.688     0.447     0.241
   465/499     1.64G     0.612     0.219         0     0.831        16       320     0.891     0.624      0.39     0.234
   466/499     1.64G     0.615     0.227         0     0.842        16       352     0.882     0.661     0.421      0.24
   467/499     1.64G     0.609     0.218         0     0.827        16       480     0.827     0.897     0.631     0.266
   468/499     1.64G     0.613     0.223         0     0.836        16       352     0.877     0.684     0.444     0.239
   469/499     1.64G      0.61     0.223         0     0.833        15       320     0.866     0.733     0.484     0.249
   470/499     1.64G     0.612     0.221         0     0.834        16       320      0.87     0.717     0.471     0.246
   471/499     1.64G     0.614     0.226         0      0.84        16       384     0.855      0.78     0.528     0.252
   472/499     1.64G     0.614     0.227         0     0.841        16       384     0.874     0.697     0.452     0.245
   473/499     1.64G     0.615     0.226         0     0.841        16       256     0.866     0.728     0.484     0.244
   474/499     1.64G     0.611     0.222         0     0.833        16       352      0.84     0.836     0.575     0.261
   475/499     1.64G      0.61     0.222         0     0.831        16       416     0.827     0.893     0.625     0.268
   476/499     1.64G     0.613     0.226         0     0.839        16       256     0.882      0.66     0.419     0.241
   477/499     1.64G     0.609     0.219         0     0.829        16       480     0.858     0.765     0.518     0.247
   478/499     1.64G     0.614     0.226         0      0.84        16       416     0.823     0.904     0.638     0.266
   479/499     1.64G     0.612     0.224         0     0.836        16       384     0.835     0.859     0.599      0.26
   480/499     1.64G     0.613     0.227         0      0.84        15       320     0.886     0.644     0.405     0.238
   481/499     1.64G      0.61      0.22         0      0.83        16       480     0.858     0.761     0.511      0.25
   482/499     1.64G     0.612     0.227         0     0.839        16       480     0.871     0.707     0.463     0.244
   483/499     1.64G     0.613     0.226         0     0.839        15       256     0.881     0.657     0.422     0.235
   484/499     1.64G     0.616     0.231         0     0.847        16       320     0.882     0.659     0.418     0.241
   485/499     1.64G     0.614     0.227         0     0.841        16       448      0.88     0.676     0.433     0.243
   486/499     1.64G     0.611     0.225         0     0.835        16       384     0.826      0.89      0.62      0.27
   487/499     1.64G     0.609      0.22         0     0.829        16       256     0.884      0.65      0.41     0.239
   488/499     1.64G     0.612     0.228         0      0.84        15       384     0.885      0.66     0.415     0.245
   489/499     1.64G     0.605     0.212         0     0.817        16       224     0.887     0.639     0.402     0.237
   490/499     1.64G     0.613     0.223         0     0.836        16       480     0.852     0.785      0.53     0.254
   491/499     1.64G     0.614     0.229         0     0.843        16       320     0.879     0.683      0.44     0.243
   492/499     1.64G     0.612     0.225         0     0.837        16       448     0.858     0.773     0.518     0.255
   493/499     1.64G     0.615     0.229         0     0.844        16       480     0.887     0.645     0.406     0.239
   494/499     1.64G     0.612     0.223         0     0.835        16       448     0.854     0.783     0.525     0.258
   495/499     1.64G     0.612     0.225         0     0.837        16       352      0.88     0.669      0.43     0.239
   496/499     1.64G     0.612     0.223         0     0.835        16       320     0.863      0.75     0.492     0.258
   497/499     1.64G     0.612     0.223         0     0.836        16       320     0.865     0.746     0.493     0.253
   498/499     1.64G     0.611     0.225         0     0.836        16       416     0.878     0.679     0.438     0.241
   499/499     1.64G     0.615     0.229         0     0.844        16       480     0.831     0.874     0.609     0.265
